0000000000000000000000000000000000000000
0000000000000000000000000000000000000000
0000000000000000000000000000000000000000
0000000000000000000000000000000000000000
0000000000000000000000000000000000000000
0000000000000000000000000000000000000000
0000000000000000000000000000000000000000
0000000000000000000000000000000000000000
0000000000000000000000000000000000000001
0000000000000000000000000000000000000001
0000000010000000000000000000000000000001
0000000011000000000000000000000000000001
0000000011100000000000010001000000000001
0000000000000000000000000100000000000000
0000000000000000000011000100000000110000
0000000000000000000000000000100011100011
0000000000000000000000000000110011100000
0000000000000000000000000000000011100000
0000000000000000000000000000000010000010
0000000000000000000000000000000111111111
0000000000000000000000000000011111111111
0000000000000000000000000000111111111111
0000000000000000000000000000111111111111
0000000000000000000011011000111111111111
0000000000000000000000011000011111111111
0000000000000000000000000000011111111111
0000000000000000000011011000111111111111
0000000000000000000011010000111111111111
0000000000000000000011010000111111111111
0000000000000000000011000000111111111111
0000000000000000000011011000111111111111
0000000000000000000001011000111111111111
0000000000000000000001010000011111111111
0000000000000000000011010000111111111111
0000000000000000000001011000011111111111
0000000000000000000001000000011111111111
0000000000000000000000000000111111111111
0000000000000000000000001000111111111111
0000000000000000000000000000111111111111
0000000000000000000000000000111111111111
0000000000000000000000000000111111111111
0000000000000000000000000000011111111111
0000000000000000000000000000011111111111
0000000000000000000000000000000011111111
0000000000000000000000000000000011111111
0000000000000000000000000000000011111111
0000000000000000000000000000000001011111
0000000000000000000000000000000001111111
0000000000000000000000000000000000011111
0000000000000000000000000000000000001000
0000000000000000000000000000000000000000
0000000000000000000000000000000000000000
0000000000000000000000000000000000000001
0000000000000000000000000000000000000000
0000000000000000000000000000000000000000
0000000000000000000000000000000000000001
0000000000000000000000000000000000000001
0000000000000000000000000000000000000001
0000000000000000000000000000000000000001
0000000000000000000000000000000000000000
0000000000000000000000000000000000000000
0000000000000000000000000000000000000000
0000000000000000000000000000000000000000
0000000000000000000000000000000000000000
0000000000000000000000000000000000000000
0000000000000000000000000000000000000000
0000000000000000000000000000000000000000
0000000000000000000000000000000000000000
0000000000000000000000000000000000000000
0000000000000000000000000000000000000000
0000000000000000000000000000000000000000
0000000000000000000000000000000000000000
0000000000000000000000000000000000000000
